2,317,37,354,206,43,249,603,418,28,446,211,22,233,679
3,294,60,354,196,53,249,603,383,63,446,185,48,233,679
4,293,61,354,184,65,249,603,368,78,446,177,56,233,679
5,292,62,354,173,76,249,603,354,92,446,171,62,233,679
6,297,57,354,161,88,249,603,369,77,446,163,70,233,679
7,291,63,354,160,89,249,603,353,93,446,159,74,233,679
8,279,75,354,166,83,249,603,362,84,446,154,79,233,679
9,277,77,354,166,83,249,603,342,104,446,154,79,233,679
10,273,81,354,161,88,249,603,341,105,446,152,81,233,679
11,261,93,354,155,94,249,603,336,110,446,151,82,233,679
12,261,93,354,159,90,249,603,347,99,446,151,82,233,679
13,268,86,354,156,93,249,603,343,103,446,151,82,233,679
14,257,97,354,151,98,249,603,340,106,446,145,88,233,679
15,273,81,354,147,102,249,603,336,110,446,148,85,233,679
16,267,87,354,166,83,249,603,352,94,446,149,84,233,679
17,282,72,354,167,82,249,603,357,89,446,144,89,233,679
18,261,93,354,144,105,249,603,347,99,446,146,87,233,679
19,263,91,354,155,94,249,603,341,105,446,148,85,233,679
20,275,79,354,156,93,249,603,339,107,446,142,91,233,679
21,273,81,354,151,98,249,603,347,99,446,143,90,233,679
22,258,96,354,152,97,249,603,345,101,446,137,96,233,679
23,264,90,354,152,97,249,603,353,93,446,152,81,233,679
24,268,86,354,155,94,249,603,340,106,446,147,86,233,679
25,274,80,354,146,103,249,603,349,97,446,140,93,233,679
26,274,80,354,158,91,249,603,345,101,446,149,84,233,679
27,268,86,354,150,99,249,603,354,92,446,141,92,233,679
28,265,89,354,157,92,249,603,354,92,446,144,89,233,679
29,270,84,354,157,92,249,603,358,88,446,138,95,233,679
30,269,85,354,141,108,249,603,358,88,446,144,89,233,679
31,274,80,354,149,100,249,603,356,90,446,144,89,233,679
32,278,76,354,160,89,249,603,355,91,446,149,84,233,679
33,269,85,354,152,97,249,603,358,88,446,143,90,233,679
34,263,91,354,148,101,249,603,347,99,446,137,96,233,679
35,271,83,354,156,93,249,603,338,108,446,147,86,233,679
36,266,88,354,139,110,249,603,345,101,446,141,92,233,679
37,271,83,354,154,95,249,603,349,97,446,148,85,233,679
38,282,72,354,149,100,249,603,369,77,446,142,91,233,679
39,270,84,354,159,90,249,603,355,91,446,144,89,233,679
40,275,79,354,151,98,249,603,359,87,446,145,88,233,679
